0 0 0
0 1 1
0 2 2
1 0 3
1 3 4
1 4 5
2 0 3
2 3 6
2 4 2
3 0 7
3 5 8
3 6 9
3 7 10
4 0 11
4 8 12
5 0 3
5 1 6
6 0 11
6 1 1
6 2 13
7 0 3
7 1 6
8 0 3
8 1 4
9 0 3
9 6 6
9 7 14
10 0 3
10 6 6
10 7 13
10 9 15
11 0 3
11 6 4
12 0 3
12 2 4
13 0 3
13 2 4
14 5 3
14 3 4
15 0 16
15 1 4
16 0 3
16 6 4
17 5 16
17 6 6
17 10 15
18 0 3
18 6 6
19 5 11
19 6 12
20 5 16
20 6 6
20 7 13
21 0 16
21 6 6
21 7 13
22 0 16
22 1 6
22 2 13
22 11 17
23 7 17
23 2 18
24 0 16
24 2 4
25 0 16
25 2 4
26 0 16
26 12 4
27 0 16
27 12 4
28 0 16
28 1 4
29 0 16
29 1 4
30 0 11
31 0 16
32 0 11
32 1 1
32 2 14
33 0 16
34 1 3
34 2 4
35 0 16
35 1 6
35 2 13
36 0 3
36 1 6
37 0 3
37 2 4
37 13 11
37 14 1
38 0 3
38 2 4
38 13 11
38 14 1
39 0 3
39 3 3
39 4 4
40 0 3
40 3 3
40 4 4
41 0 19
42 0 19
42 3 3
42 4 4
43 0 16
43 3 4
44 0 6
44 3 2
45 0 4
45 3 4
45 4 9
46 3 2
46 0 6
47 0 6
47 3 2
48 3 4
48 0 3
49 3 4
49 0 3
50 0 6
50 3 2
51 0 6
51 3 2
52 0 6
52 3 2
53 0 6
53 3 2
54 3 3
54 4 4
55 0 11
56 0 20
57 0 7
58 0 3
59 0 16
59 3 6
60 3 13
60 4 18
61 0 1
61 4 17
61 3 13
62 0 16
62 3 6
62 4 14
63 0 11
63 3 12
64 0 11
64 3 12
65 0 6
65 3 2
66 0 3
67 0 16
67 3 6
67 4 21
68 0 22
68 3 4
69 3 13
69 4 17
69 0 6
70 0 3
71 0 3
71 3 4
72 0 16
72 3 4
73 0 16
73 3 6
74 0 3
74 3 4
75 0 3
75 3 4
76 0 16
76 3 6
76 4 14
77 0 16
77 3 6
77 4 14
78 0 11
79 0 3
80 0 3
81 0 11
81 3 1
81 4 13
81 10 3
82 0 11
83 0 11
83 3 12
83 4 13
84 0 3
84 3 6
84 4 2
85 6 6
85 1 6
85 2 13
85 7 13
86 0 1
87 0 11
87 6 1
87 7 14
88 5 11
88 6 1
88 7 13
89 0 11
89 6 1
89 7 13
89 15 23
90 5 11
90 6 1
90 7 13
91 5 11
91 6 1
91 7 13
92 0 3
92 2 4
93 0 22
94 0 11
94 2 12
95 0 11
95 1 12
96 0 3
96 6 6
96 7 13
97 0 3
98 0 22
98 1 6
99 0 22
100 0 0
101 0 22
101 1 6
102 3 0
102 1 12
103 0 0
104 16 4
104 17 22
105 1 22
105 2 4
106 0 22
107 0 22
107 1 6
108 0 22
108 1 6
109 0 22
110 0 6
110 10 22
110 1 14
111 0 22
112 0 0
112 6 12
113 1 22
113 1 4
113 2 9
114 0 22
114 5 4
114 6 5
115 6 9
115 0 22
115 1 4
116 0 22
116 1 6
117 5 3
117 6 6
118 18 3
119 19 24
119 12 8
120 1 24
120 2 8
121 0 3
121 1 6
121 2 13